2
1
1
4
4
3
4
3
4
4
3
5
7
2
2
2
3
5
2
2
2
2
3
2
2
8
3
6
2
6
4
4
2
2
2
2
2
2
2
4
4
4
2
2
2
2
2
2
2
2
2
2
9
6
6
11
2
8
2
7
5
2
7
2
3
2
3
3
3
3
2
2
2
2
2
2
2
2
2
2
2
2
2
6
3
3
3
3
3
3
3
8
8
8
8
8
8
2
3
8
8
8
8
8
8
3
3
8
8
8
8
8
8
3
3
8
8
8
8
8
8
2
3
8
8
8
8
8
8
2
3
3
8
8
8
8
8
8
2
3
3
9
9
9
9
9
9
9
2
3
3
9
9
9
9
9
9
9
2
3
4
4
2
4
3
19
2
9
2
2
12
3
3
9
9
9
9
9
9
9
2
2
5
3
2
3
2
5
2
2
2
6
3
2
4
2
2
8
8
8
8
8
8
8
1
8
8
8
8
8
8
8
1
8
8
8
8
8
8
8
1
8
8
8
8
8
8
8
1
8
8
8
8
8
8
8
1
8
8
8
8
8
8
8
1
8
8
8
8
8
8
8
1
8
8
8
8
8
8
8
1
8
8
8
8
8
8
8
1
8
8
8
8
8
8
8
1
1
1
8
8
8
8
8
8
8
1
1
8
8
8
8
8
8
8
1
1
8
8
8
8
8
8
8
1
1
8
8
8
8
8
8
8
1
1
3
1
1
8
8
8
8
8
8
8
1
1
1
1
1
1
8
8
8
8
8
8
8
1
1
1
8
8
8
8
8
8
8
1
1
1
8
8
8
8
8
8
8
1
1
1
8
8
8
8
8
8
8
1
2
3
10
1
1
8
8
8
8
8
8
8
1
4
3
1
3
2
9
2
3
8
5
6